301 5
0 50000 1 0 0 0
1 50000.12819618894 0.71406931750505231 0.079381272239622283 0.074016855874598164 0.0043363654392712609
2 49996.469481501983 4.0332429359105788 0.18352626212144402 0.30295867319873881 0.010790626785597847
3 49996.625495842083 3.39713148458805 0.32410701541430864 0.63302657513391847 0.020239082782630813
4 49994.027095150348 4.9871809682720043 0.51766630501225885 1.4341209669842252 0.033936609378183609
5 49994.422876720768 3.6777548510977387 0.78771512247665532 2.0579751176521177 0.053678187987926736
6 49989.866790508306 8.0109902350905564 1.1677240326050187 1.8724657427311662 0.082029481242645252
7 49978.471216663449 16.773828397659958 1.705388684773425 3.9269104064171398 0.12265584766719392
8 49966.426565309201 25.600108976950743 2.4687098622146051 6.3238242526818151 0.1807915989222085
9 49969.159936051947 22.89245558719162 3.5546542697858259 5.1290452402377102 0.26390885081493914
10 49940.008704871398 47.859734845028733 5.1014790505814487 7.6474112167681652 0.38267001619452051
11 49931.929957565488 45.064943869207561 7.306243844687363 16.146572200178355 0.55228252042237136
12 49898.608499352857 71.177169561295258 10.449640269429711 19.970268674556113 0.79442214184850979
13 49832.112355652978 121.39339824881401 14.931086818747779 31.42320262542821 1.1399566540159796
14 49783.163424636106 154.4517043362109 21.318110239421173 40.433972201236514 1.6327885870169156
15 49702.006861205613 198.3114609432283 30.41537656388099 67.931053073132261 2.3352482141296855
16 49543.639214064387 318.19075373122882 43.360275144456836 92.474152937622193 3.3356041222852237
17 49359.476141553103 442.62410245411803 61.753423778731367 132.38792611216167 4.7584061018690091
18 49137.935518826394 604.96257885079217 87.833149616145818 163.4902578877788 6.7784948188667276
19 48761.725165444099 822.53457944989918 124.7013738880615 282.39936719983183 9.6395140180890539
20 48144.757151568134 1263.6885425878331 176.60138922094319 402.27545809712905 13.67745852593449
21 47527.978241005643 1626.3218018871694 249.23053249133616 578.12057581126089 19.348848804567631
22 46547.293071084416 2259.8383889112929 350.03493382246955 816.57259326125802 27.261012920549199
23 45277.470867809279 3102.7373284434257 488.37094656100271 1094.2228181015882 38.198039084680154
24 43469.347437330696 4281.6948557568257 675.32751860213352 1521.5002784913515 53.12990981897233
25 41429.207782691927 5583.0908377352271 922.91106411100247 1992.6050813931915 73.185234068619309
26 38477.407809596487 7297.6498041142158 1242.2789469825034 2884.099295521672 99.564143785094316
27 35415.10133970467 9060.7817562795517 1640.9099602705501 3750.8312125999628 133.37573114523849
28 31722.791074143664 11257.098925923816 2119.1362954196434 4726.5612652918608 175.41243922099721
29 28038.868375580743 12941.32651580078 2667.2048546901078 6127.68157491483 225.91867901351893
30 24337.430447368137 14502.890880601795 3264.4491156174076 7611.7840665770118 284.44548983562993
31 20780.529208429736 15672.964655021811 3881.5936236395069 9316.0438616859683 349.8686512229533
32 17651.656233751044 16362.176137738521 4485.7250106463016 11080.866222088553 420.57639577555625
33 15486.398700292484 16541.75212793894 5046.076958302212 12432.020514488093 494.75169897824389
34 13754.196599859086 16344.249117795644 5538.5645630182162 13793.34631795627 570.64340137075897
35 11929.459767225801 15832.503850044513 5947.9589884398265 15644.325212606016 646.75218168381309
36 10817.395753725568 15133.385899726722 6267.8084447005522 17060.496403360343 721.91349848678544
37 10430.601622248816 14032.55246160135 6498.9154284641172 18243.630675340428 795.29981234525815
38 9990.242047796828 13361.679032921515 6647.2571762566795 19135.444854473102 866.37688855184615
39 9474.5199473658613 12589.056519965226 6721.9721773656847 20280.60813243646 934.84322286673762
40 9915.832050403209 11571.978967186662 6733.7203874657498 20778.898259734895 1000.5703352094508
41 9723.7105929792779 10986.972643278395 6693.4968608972003 21533.267841542216 1063.5520613028734
42 10101.849770810586 10124.69347816614 6611.856610317036 22038.73516112964 1123.8649795765646
43 10621.216951797631 9732.6440044202973 6498.4628674749219 21967.037024493518 1181.6391518135988
44 11050.528299158912 9189.0650779036696 6361.8672019073229 22162.502141609395 1237.0372794206678
45 11252.489240087618 8793.5050067353313 6209.4440615701888 22455.321434402133 1290.2402572047001
46 11834.748732152386 8288.0353924855717 6047.4209327818235 22489.357563887173 1341.4373786930146
47 11982.81743354754 8038.1293006067708 5880.9624788982619 22708.270965248277 1390.8198216991232
48 12840.292935409365 7563.2194610233 5714.2807139356928 22444.630495464233 1438.5763941673754
49 12716.724655374142 7555.369103518944 5550.7533665451811 22693.262067966516 1484.8908065951894
50 13572.550980496735 7194.3438875424081 5393.0396593422693 22311.125518033437 1529.9399545851229
51 13876.781328285093 7097.695322479286 5243.1874879107418 22209.443007870992 1573.8928534538611
52 14328.366859490014 7018.6987064805198 5102.7290819801601 21934.295372382192 1616.909979667081
53 14332.270586040919 7081.0001796243132 4972.7641820716326 21955.822198865724 1659.142853397376
54 15004.307886147986 6983.8053501366421 4854.0309472257113 21458.122063990981 1700.733752498641
55 15361.043368603208 6857.648833712552 4746.9654903120927 21293.526819426908 1741.8154879451984
56 15649.717384875028 6835.3532239981259 4651.75129866528 21081.666892985835 1782.511199475688
57 15442.488799409075 6965.4654194185814 4568.3599592662504 21201.751670571597 1822.9341513344598
58 16093.508447115746 6877.5141895436955 4496.5846456912495 20670.205193751415 1863.1875238978569
59 15973.025934655892 7062.660243849673 4436.0677850103293 20625.881827502806 1903.3642089812636
60 15925.067649328461 7193.0149335175101 4386.3242333917515 20553.046558287864 1943.5466254743801
61 16308.642067916198 7131.5545980215184 4346.7611636368183 20230.235592475117 1983.8065779503147
62 16301.547579368818 7223.1378289066442 4316.6957136592455 20135.413693964729 2024.2051841005211
63 16443.079599129527 7343.2235869139859 4295.3712667026975 19854.532650011934 2064.7928972418158
64 16258.448772209704 7428.7042665538766 4281.9730366984204 19926.264276782284 2105.6096477556753
65 16158.198997061807 7577.7042115691265 4275.6434224466984 19842.768246580865 2146.6851223414697
66 16209.536793060934 7558.8091454105079 4275.4973818588769 19769.117486870698 2188.0391927989513
67 15880.077510689373 7883.0050280468477 4280.6378743709029 19727.597089558898 2229.6824973339508
68 16065.173720669687 7693.0069267374602 4290.1712391338888 19681.030945535018 2271.6171679239178
69 15907.766946592314 7880.9979308299044 4303.2222314419241 19595.17520313034 2313.8376880054911
70 15666.258063364203 8069.1641500473797 4318.9483402538435 19590.297589776543 2356.3318565580034
71 15937.097344463373 7824.6765439180526 4336.5529615022651 19503.591321793305 2399.0818283229705
72 15579.27409377332 7928.4987515378052 4355.2970057217881 19695.864953013817 2442.0651959532383
73 15671.983949733492 7952.1038434138409 4374.5085694517338 19517.147558836376 2485.2560785645219
74 15680.729054265292 7886.9241068766787 4393.5903882674165 19511.130268192221 2528.6261823983482
75 15306.73675204161 7986.5695651430942 4412.0249023844235 19723.522977668315 2572.1458027625167
76 15031.82865964146 8034.3363092985428 4429.3768895182093 19889.67339997978 2615.7847415619658
77 15323.033198606605 8027.1829396519752 4445.2937406696228 19545.977000135252 2659.5131209365031
78 15136.134027320277 8015.4845933404104 4459.5035615667248 19686.575737632254 2703.3020801402909
79 14486.290644018178 8199.2907577845053 4471.8113676714429 20096.482881268465 2747.1243492573653
80 14853.09743196664 8136.0556303413496 4482.093699608793 19738.798538888357 2790.9546991948146
81 14852.337926035338 8042.9799752946665 4490.2920176665266 19780.619808680403 2834.7702723230204
82 14925.288600784386 8009.7474706893072 4496.4052405300281 19691.007886016894 2878.5508019793374
83 14727.710548387709 7993.018511975798 4500.4817785350178 19857.510429317175 2922.2787317842512
84 14891.518085121012 7913.1411520731072 4502.6113804257984 19727.790134976654 2965.9392474033871
85 14315.330011943934 8156.710177654686 4502.9170702128304 20016.522506031291 3009.5202341572158
86 14514.058578911328 7949.5931292393989 4501.5474022547378 19982.788715692881 3053.0121739016049
87 14615.138643834531 7908.0335546962879 4498.6692124708297 19882.750594942852 3096.4079940554561
88 14578.493136050516 7882.5988199022377 4494.460995027056 19905.744168312809 3139.7028807073339
89 14660.663146226485 7828.7929016121243 4489.1069893630038 19839.542896257044 3182.8940665412915
90 15114.526669615527 7859.2333402693112 4482.7920235578385 19318.467363550659 3225.9806030066025
91 14931.410520038093 7776.8081872460343 4475.6971275053111 19548.121040398484 3268.9631248120145
92 14862.507446468224 7608.427885399441 4467.995903302517 19750.22515130898 3311.8436135207739
93 14699.998844555026 7624.5938630893243 4459.8516203298823 19861.930506222503 3354.6251658031956
94 14371.552543470458 7769.909634196044 4451.4149880984996 20010.811063440065 3397.3117707948659
95 14769.356686789897 7756.1348724434856 4442.8225502968444 19592.777790447621 3439.9081000220858
96 14647.685645922387 7780.989881071574 4434.195637759386 19655.709522753728 3482.4193124928593
97 14909.494233340096 7631.4454357461591 4425.639815502579 19509.569638605517 3524.8508768055854
98 14480.397881027497 7595.2329024180854 4417.2447587959668 19940.916046269707 3567.2084114886757
99 14351.394413568565 7861.4983022898541 4409.0844948212161 19769.525245079472 3609.4975442408227
100 14737.436135317163 7610.4037962040638 4401.2179492915648 19600.218328905543 3651.7237902815964
101 14542.365191343157 7698.4588273913596 4393.689741038289 19672.593790592917 3693.892449634202
102 14682.400992534103 7763.4678113015489 4386.5311716987171 19432.591501628634 3736.0085228369162
103 14668.875651853359 7605.6814445488408 4379.7613620284201 19568.604897260589 3778.0766443087123
104 14269.520461822382 7777.2592494354967 4373.3884908465461 19760.730765523927 3820.1010323715686
105 14667.955374053829 7674.6678681049261 4367.4110971015698 19428.880205987636 3862.0854547519557
106 14438.528141896728 7561.3421179356856 4361.8194099501634 19735.277121973962 3904.0332082433752
107 14536.600346001856 7822.1698995722118 4356.5966760373194 19339.685967280722 3945.9471111078119
108 14492.507980197499 7690.9742254730054 4351.7204573312647 19477.967830273763 3987.8295067243862
109 14742.086988543417 7546.5381634625001 4347.1638768902376 19335.528694147295 4029.6822769564646
110 14556.278471224728 7709.3511471125448 4342.8967938102496 19320.966724150341 4071.5068637020495
111 14555.902832114203 7522.7844160668928 4338.8868923121227 19470.121562392269 4113.3042971144241
112 14666.6788872489 7529.5702736447383 4335.1006734568828 19314.574936621131 4155.0752290282599
113 14533.107982039557 7535.7428844931228 4331.5043413116309 19403.824821957631 4196.8199701979656
114 14562.855719878133 7495.4262411081099 4328.0645785000506 19376.114930466785 4238.5385300468288
115 14249.750988959418 7642.0543516782136 4324.7492089381185 19504.214792690338 4280.2306577338195
116 14402.213600432162 7669.167376514486 4321.527748151575 19286.195391435376 4321.8958834663072
117 14237.404158253405 7659.5443750564164 4318.3718438751393 19422.146063697626 4363.5335591173198
118 14516.048485545363 7458.5385097518038 4315.2556116263931 19306.014495734744 4405.1428973416005
119 14673.173780323727 7549.2782586068688 4312.1558716177196 19019.669080929478 4446.7230085221063
120 14428.341530403866 7587.9609673318164 4309.052294712832 19187.372272537425 4488.2729350139653
121 14757.214080748498 7478.9200147265174 4305.927466152747 18929.146756088485 4529.7916822836523
122 14378.436811032134 7593.306021671714 4302.7668764798818 19155.212044151758 4571.278246664403
123 14368.198250084261 7564.7946676826978 4299.5588494954754 19155.716593174857 4612.7316395626003
124 14109.841666670183 7467.1621380338793 4296.2944172181524 19473.550870025123 4654.1509080525484
125 14670.126017037708 7419.2119744371421 4292.9671516986682 18923.159704938877 4695.5351518874895
126 14357.111822078014 7476.5029609783178 4289.5729632195935 19140.92871669164 4736.8835370323231
127 14361.516308451392 7446.0730380212126 4286.1098739033678 19129.105473735824 4778.195305888099
128 14626.648374476521 7451.1736125001134 4282.5777751027817 18821.130453490288 4819.46978443019
129 14109.328696482497 7580.6723577611619 4278.9781761893073 19171.314383045439 4860.7063865214905
130 14282.172550679039 7468.0621447946869 4275.3139515200201 19073.546737316166 4901.9046156899867
131 14263.021600513817 7539.6556525566766 4271.589091484152 18983.669590767837 4943.0640646774127
132 14152.828862389435 7436.5482050103965 4267.8084626331365 19159.630056893322 4984.1844130736035
133 14268.550453883594 7409.0800126637896 4263.9775810081874 19034.126529093552 5025.2654233507683
134 14552.997099135438 7389.5671644110489 4260.1024019172728 18732.026398931728 5066.3069356044025
135 14161.085081197929 7517.5616070751385 4256.1891285959882 18958.855321836712 5107.3088612941265
136 14217.934783018054 7344.3328693878912 4252.244041427487 19038.217129906829 5148.2711762596309
137 14453.554063856393 7473.5136238736959 4248.2733487050036 18636.465050299681 5189.193913265126
138 14635.219045215943 7330.2295154099857 4244.2830593032495 18561.191225769468 5230.0771543012597
139 14278.958903801753 7433.2426313536225 4240.2788770857787 18777.598564911314 5270.9210228474376
140 14014.052580409012 7383.6336449263954 4236.2661164155443 19055.321981978475 5311.7256762704747
141 14095.482503461648 7467.1858697645312 4232.2496377544458 18853.590690510871 5352.4912985084102
142 14187.004946559704 7494.4358526119631 4228.2338020320822 18698.107305634428 5393.2180931617304
143 14487.685217519387 7452.6491003069868 4224.2224422303225 18402.536962854691 5433.906277088523
144 14194.147807547566 7324.9175873954746 4220.2188504634023 18787.159680017507 5474.5560745759603
145 14178.579418183939 7396.2335910740758 4216.2257787276412 18694.793499876334 5515.167712137918
146 14122.80046577915 7395.7720533697766 4212.2454514438086 18714.440615439071 5555.7414139681041
147 14432.961096464178 7253.1666400114173 4208.2795879125206 18510.315277552112 5596.2773980596858
148 14072.291226581419 7392.8231119220727 4204.329432841746 18694.780355668328 5636.7758729863426
149 14277.444632056877 7304.750344453566 4200.395793179212 18541.172194984414 5677.2370353258411
150 14139.702569002184 7331.8785159974123 4196.4790795846302 18615.278767719945 5717.6610676957353
151 14010.032114004905 7375.0368127468664 4192.5793510012536 18665.303584885383 5758.0481373614994
152 13943.316595441285 7355.0630012837646 4188.6963609273307 18715.525646977327 5798.3983953702036
153 14406.446856688246 7267.8818156476973 4184.8296041405465 18303.129747365736 5838.7119761576869
154 14220.698652948504 7262.0051470305079 4180.9783627874758 18458.328839659629 5878.9889975737997
155 14090.214907543963 7183.4343854007793 4177.1417509112034 18630.97939487535 5919.2295612686239
156 13863.95771906671 7374.0440810974414 4173.3187566498855 18630.245689803542 5959.43375338234
157 13889.731292511311 7332.0870037690866 4169.508281493755 18610.07177674324 5999.6016454825249
158 13902.677903666368 7224.6569223556735 4165.7091761354168 18668.222702147712 6039.7332956947494
159 13770.486732301093 7407.8803366321317 4161.9202725858204 18580.883908505391 6079.8287499754833
160 13888.889659681434 7128.8067934682631 4158.1404123545553 18705.27509101565 6119.8880434800158
161 14193.280916528645 7203.4890337302086 4154.3684706067834 18289.950377151872 6159.9112019824042
162 13969.217989424471 7356.2778686315933 4150.6033763093365 18325.002522325347 6199.8982433091687
163 13768.050395040711 7225.8214389849945 4146.8441284650562 18620.434858755892 6239.8491787532648
164 13793.48678635969 7345.5516143745954 4143.0898086070838 18439.107776218701 6279.7640144398511
165 13641.024658879625 7402.273228198218 4139.33958978395 18498.719770517815 6319.6427526203106
166 13714.047765107973 7370.5319879383896 4135.5927423123549 18421.342111765523 6359.4853928756829
167 13911.871503631299 7345.3577383434049 4131.8486366083143 18212.63018820162 6399.2919332152887
168 13881.854577788259 7180.7756584941999 4128.1067434297111 18371.200649227259 6439.0623710604996
169 13692.604587290909 7406.6748817665139 4124.3666318752685 18298.557194959703 6478.7967041075344
170 13604.571334920925 7199.6864594251856 4120.6279654878144 18557.61930909934 6518.4949310666534
171 13826.324394610299 7178.9240614122427 4116.8904968043407 18320.703994894833 6558.1570522781985
172 13543.595890114542 7302.7871086185178 4113.1540606833487 18443.679870374926 6597.7830702085821
173 13641.614669504284 7205.2912723491354 4109.4185667221191 18407.302501592811 6637.3729898315632
174 14065.576831589271 7042.0478952777767 4105.6839910543167 18110.764463176598 6676.9268189019476
175 13808.652180992751 7157.3098597211183 4101.9503677926923 18216.643023363089 6716.4445681302604
176 13920.648504049093 7149.7101853112463 4098.2177803535615 18076.497279018051 6755.9262512679579
177 13837.191642526806 7210.7830943342824 4094.4863528703186 18063.167025155079 6795.3718851134272
178 13608.609210107978 7174.8545946443692 4090.75624187318 18291.998463925011 6834.7814894493677
179 13493.345653198634 7092.1192367195426 4087.0276283824628 18454.352394777012 6874.155086922261
180 13803.835906680211 7043.8338089276767 4083.3007105336414 18156.536870983986 6913.4927028744005
181 13570.621972418141 7127.9054327028889 4079.5756968246433 18270.102532915625 6952.7943651386213
182 13551.215547560578 7132.2538317796698 4075.8528000498873 18249.617716804445 6992.0601038053401
183 13764.198168632869 7090.2378432242913 4072.1322319616716 18043.141805210351 7031.2899509707395
184 13731.594922015867 7205.2741784513928 4068.4141986779864 17925.232760380433 7070.4839404742434
185 13610.980426143971 7068.8940841197627 4064.6988968367859 18146.784485266904 7109.6421076325005
186 13577.305531960861 7269.2394059121943 4060.9865104802984 17944.704062670364 7148.764488976205
187 13502.143499128641 7162.0076496219399 4057.2772086390887 18091.720520615068 7187.8511219951906
188 13477.32971403046 7102.9059243223855 4053.5711435742819 18140.291173176531 7226.9020448962683
189 13517.237051567114 7031.6691601716666 4049.8684496274732 18136.308042256245 7265.9172963774326
190 13614.840145095157 7111.4184487242428 4046.1692426213322 17923.67524813801 7304.8969154211863
191 13733.449105286598 7022.6003830026075 4042.473619749469 17858.635950852302 7343.840941108956
192 13398.165355463092 7025.0477025479804 4038.7816598916979 18156.255869639353 7382.7494124578079
193 13583.143442990318 7067.3082034077224 4035.0934242901144 17893.832561031697 7421.6223682800719
194 13410.41034143286 7051.0461948042721 4031.4089575221992 18047.674659174761 7460.4598470658311
195 13474.286233276272 7122.9151086532656 4027.7282887092683 17876.80848247332 7499.2618868877926
196 13343.771966145043 7044.4965356959792 4024.0514329017624 18050.651539929542 7538.0285253275879
197 13418.776642481953 7137.0983214789603 4020.3783925869016 17847.986844029863 7576.7597994222397
198 13540.474808431658 7049.8756457347517 4016.7091592689089 17778.484640935374 7615.4557456292187
199 13470.377519451551 7069.585948412132 4013.0437150771677 17793.876417250696 7654.1163998083703
200 13500.439039753837 6996.1490748617189 4009.3820343630964 17802.288053802458 7692.741797218805
201 13172.166185388205 7153.7007362301892 4005.7240852520958 17938.077020600635 7731.3319725287956
202 13454.419344111866 7056.5444322720114 4002.0698311224651 17718.079432656865 7769.8869598367182
203 13221.599729186291 7107.8444840550674 3998.4192319886006 17864.729762068899 7808.4067927010628
204 13268.450512255149 6883.8221875637173 3994.772245770976 18007.063550232451 7846.8915041776245
205 13384.257311161311 7039.0556027606626 3991.1288294402616 17701.217129775589 7885.3411268620994
206 13152.88637772589 7173.1200142619118 3987.4889400274278 17763.748975048296 7923.7556929363964
207 13138.057162923606 7079.1650042930078 3983.8525354957437 17837.790063070406 7962.1352342171567
208 13353.72467391909 6944.5061435921425 3980.2195754741529 17722.069824809423 8000.4797822051078
209 13335.136628472066 6903.5096435408805 3976.5900218546712 17746.974337998261 8038.7893681340429
210 13277.198638082642 6994.0279109050907 3972.9638392590505 17679.745588734724 8077.0640230184181
211 13302.294150040287 6865.0308235626389 3969.340995382137 17749.03025331617 8115.3037776986903
212 13136.615222916156 7035.1721986117082 3965.7214612210814 17709.982454367269 8153.5086628837053
213 13543.932950128987 6834.7120247056882 3962.105211200796 17468.57110477483 8191.6787091896131
214 13280.400929632147 6927.332252382389 3958.4922232069639 17604.960647603501 8229.8139471749146
215 12944.46130642981 6889.3451197726772 3954.8824785383836 17944.396687887649 8267.9144073713869
216 13453.07185634487 6931.7846446327985 3951.2759617906459 17358.88741692081 8305.9801203107891
217 13253.95023268868 6795.1616320785297 3947.6726606829898 17660.204358002418 8344.0111165472917
218 13189.693464643318 6931.8766608193628 3944.0725658398633 17553.349882021605 8382.0074266757674
219 13036.638778619774 6888.8645672559578 3940.4756705381305 17715.05190224 8419.9690813460493
220 13020.407851976446 6821.9674733389274 3936.8819704301504 17763.846592980954 8457.896111273436
221 13308.637998000415 6855.0102209679844 3933.2914632520979 17408.271770533745 8495.7885472456692
222 13068.894818083825 6727.2806835728697 3929.7041485259542 17741.473929690488 8533.6464201267736
223 13081.743490645591 6816.3985512498102 3926.1200272625856 17605.268169983876 8571.4697608580409
224 13005.043978869682 6906.8721549618158 3922.539101672307 17557.286164039553 8609.2586004565437
225 13115.419778888479 6824.7429457311155 3918.9613748882939 17494.862930480424 8647.0129700115831
226 12879.048556580137 6895.8707697119817 3915.3868507071934 17625.960922321221 8684.7329006793589
227 13341.266940845879 6825.328034388689 3911.8155333503191 17200.171067738724 8722.4184236762812
228 12994.809567937795 6921.413328819739 3908.2474272479062 17416.460105723232 8760.0695702712237
229 12992.408539677173 6851.5742272083353 3904.6825368480481 17454.648324489292 8797.6863717770502
230 12830.968312687752 6831.9954637984811 3901.1208664511878 17601.646497520775 8835.2688595416985
231 13022.914893588948 6936.2758187187928 3897.5624200703437 17271.429802682749 8872.8170649390504
232 13234.56419633378 6798.1064686458703 3894.0072013166609 17163.991114343709 8910.3310193598609
233 12991.144056337263 6765.6020516040771 3890.4552133093866 17405.98792454624 8947.8107542029156
234 12741.546441624136 6845.6362507924641 3886.9064586089326 17541.654548107777 8985.2563008665784
235 13019.09051724866 6808.9842444806272 3883.3609391713799 17266.896608358347 9022.6676907408746
236 13038.618335848492 6725.5835469140438 3879.8186563225222 17296.93450571462 9060.0449552002065
237 12837.563949821271 6829.1755236923982 3876.2796107493677 17360.592790140079 9097.3881255967754
238 13101.623912700059 6789.197508964704 3872.743802506925 17102.737542573443 9134.6972332547557
239 12776.478289611518 6784.311197604311 3869.2112310380517 17399.026972280735 9171.9723094652727
240 12933.687662994862 6714.0269341287949 3865.6818952041631 17278.390122189936 9209.2133854821386
241 12969.438852139792 6762.541185360632 3862.1557933246436 17160.443676656436 9246.4204925183931
242 12868.603982701441 6787.5508507750883 3858.6329232229227 17202.618581556868 9283.5936617435764
243 12850.234960002423 6735.3968266151232 3855.1132822772915 17239.522006823332 9320.732924281725
244 12969.262937099915 6707.4567300248564 3851.596867474701 17114.845154190429 9357.8383112099982
245 13075.915374763217 6598.200671366516 3848.0836754659535 17083.89042484629 9394.9098535579215
246 13236.857833730784 6682.8921949625983 3844.5737026208781 16804.728686378468 9431.9475823071662
247 12850.429094335357 6679.7573918008384 3841.066945082282 17160.795040389625 9468.9515283917899
248 12979.643139949581 6627.825732649284 3837.563398817651 17050.046005884498 9505.9217226988803
249 12776.89578908194 6777.5685176200741 3834.0630596677693 17069.614437560598 9542.8581960695137
250 12724.515389215199 6753.7192283974109 3830.5659233915976 17112.438479695684 9579.7609793000101
251 12726.903504424175 6891.6845104131144 3827.0719857069357 16938.70989631231 9616.6301031433613
252 12539.346304042474 6768.3658251278866 3823.5812423265397 17216.241030192163 9653.4655983108296
253 12969.637764832143 6659.122841406881 3820.0936889895174 16861.878209297731 9690.2674954736249
254 12759.605568610063 6704.6695985316137 3816.6093214879438 16993.079686105677 9727.0358252646056
255 12678.566577172147 6547.2649592635107 3813.1281356887644 17198.269709595472 9763.7706182800102
256 12579.71281327581 6719.2339179258388 3809.6501275511432 17091.931236165972 9800.4719050811436
257 12626.907474151212 6712.5822752671129 3806.1752931394794 17018.195241246129 9837.1397161959703
258 12354.716441720393 6722.4934383988821 3802.7036286324037 17247.312409127589 9873.7740821206335
259 12565.976909973833 6677.921132416147 3799.2351303280998 17047.491793960955 9910.3750333208664
260 12750.067774930387 6689.9208712535265 3795.769794646324 16818.298958936426 9946.9426002332402
261 12595.772542884175 6609.1112878506228 3792.3076181275337 17020.331737871249 9983.4768132663212
262 12835.01123277007 6722.2648527829324 3788.8485974295318 16634.89761421573 10019.97770280164
263 12304.579167417762 6757.0687848062025 3785.3927293220368 17097.514019259372 10056.445299194529
264 12722.189634102067 6533.1403091203783 3781.9400106795833 16870.850413323053 10092.879632774824
265 12827.082291131432 6580.6771684831101 3778.4904384731299 16685.46936806482 10129.280733847418
266 12839.42117894006 6401.1957527655422 3775.0440097607384 16819.690425840883 10165.648632692684
267 12686.081461357566 6636.3215308785084 3771.6007216776561 16705.012926519415 10201.98335956677
268 12318.929873657635 6587.5787586665574 3768.1605714260932 17088.045851547846 10238.284944701789
269 12633.103687676577 6501.027366221856 3764.7235562649757 16827.591971530612 10274.553418305901
270 12431.685074835357 6684.8187065277471 3761.289673499884 16812.41773457361 10310.788810563321
271 12507.459530422297 6518.0362355765274 3757.8589204733953 16870.654161893475 10346.991151634227
272 12702.859268730708 6480.5923103222967 3754.4312945559645 16679.956654736336 10383.160471654623
273 12508.628379270498 6640.3651284930884 3751.006793137497 16681.702898362699 10419.296800736141
274 12537.81237368853 6552.5322231477485 3747.5854136196781 16707.669820578143 10455.400168965823
275 12678.56619302611 6424.0643708318166 3744.1671534091506 16662.731676327003 10491.470606405835
276 12243.484438129792 6713.9109093143588 3740.752009911555 16775.344499550996 10527.508143093217
277 12344.759985110508 6551.3107829157325 3737.3399805264639 16804.076442407648 10563.51280903957
278 12544.702755544413 6439.1398164771244 3733.9310626431884 16683.741731104416 10599.484634230779
279 12858.928673327475 6362.9316211134847 3730.5252536374378 16413.190803294801 10635.423648626725
280 12240.460499313273 6497.7161063683607 3727.1225508687867 16864.370961288485 10671.329882161022
281 12512.74322528943 6633.8122218217222 3723.7229516788998 16423.518236469121 10707.20336474075
282 12678.395887063689 6492.9811307784466 3720.3264533904457 16366.252402521117 10743.044126246232
283 12406.524072750321 6514.4632163674278 3716.9330533066336 16584.227461044724 10778.852196530821
284 12549.654824902242 6466.1539437782276 3713.5427487113016 16457.020877187446 10814.627605420714
285 12015.734783393296 6581.4237264360081 3710.1555368694703 16843.31557058635 10850.370382714797
286 12611.450053722128 6355.0484626719517 3706.7714150282964 16441.649510393028 10886.08055818452
287 12368.78874369713 6489.6573657178196 3703.3903804183474 16517.405348592856 10921.75816157378
288 12378.159233566761 6451.2492201836649 3700.0124302551244 16514.175893395532 10957.403222598858
289 12258.599620687308 6439.2088352065748 3696.6375617407648 16613.53821141693 10993.015770948356
290 12409.827966756911 6452.766555946595 3693.2657720658676 16416.543868947374 11028.595836283177
291 12306.750326922311 6386.6136584704318 3689.8970584113827 16553.59550795929 11064.143448236509
292 12348.135236401273 6466.5362221715468 3686.5314179505081 16400.138487062752 11099.658636413847
293 12401.238388262002 6541.5193877365136 3683.1688478505657 16239.931945757849 11135.141430393
294 12092.443113156216 6585.4086891987363 3679.8093452747967 16472.746992646036 11170.591859724149
295 12453.089884242308 6341.0076486746148 3676.4529073840704 16324.439605769028 11206.009953929906
296 12320.751480694864 6377.8901376139183 3673.0995313384656 16387.863107847323 11241.395742505363
297 12303.985617874492 6310.8255668666352 3669.7492142987057 16439.690346041927 11276.749254918172
298 12232.119189111972 6442.9236131936277 3666.4019534274521 16347.484723658255 11312.070520608622
299 12109.856743336306 6337.1860197858241 3663.0577458904272 16543.539921997661 11347.359568989712
300 11981.636165575625 6582.6262243058645 3659.7165888573736 16394.404591813822 11382.616429447244
