201 5
0 15000 5 0 0 0
1 14997.801949278959 6.0998436229581801 0.52699579788234907 0.56542149897551797 0.0057898012262926424
2 14995.149626472887 7.4412509559603448 1.1192725180948997 1.2764958027272202 0.013354250330529199
3 14991.944384997118 9.0770938973655468 1.7960080026951033 2.1594780666395543 0.023035036181420221
4 14988.065821630351 11.071727486351536 2.5801039935580841 3.2470936463384206 0.035253243400438651
5 14983.367134801409 13.503440639569268 3.4990354147205083 4.5798629880342308 0.050526156267383014
6 14977.669512654978 16.467408814259571 4.5858747449336805 6.207716094888732 0.069487690940566366
7 14970.755364424538 20.079240991356976 5.8805267726962276 8.191954616076325 0.092913195334224916
8 14962.360180300604 24.479225109513415 7.4312149968051244 10.607630100536518 0.12174949254251027
9 14952.162776370489 29.837386400410089 9.2962673937934355 13.546418637662518 0.1571511976457699
10 14939.773654960571 36.35947987176479 11.546255944066248 17.120084716539477 0.20052450706085512
11 14924.721191201759 44.294038139993525 14.266550686959702 21.464640132060037 0.2535798392294884
12 14906.435350770678 53.940583867428479 17.560354310722293 26.745316165674332 0.3183948855016851
13 14884.228662077499 65.65908469516269 21.552286014089809 33.162477419871301 0.397489793379948
14 14857.274224291414 79.88066692199051 26.392581501579858 40.958610962170383 0.49391632284797338
15 14824.58065296815 97.119497006491201 32.261966359880496 50.426520818717748 0.61136284676630215
16 14784.964078955234 117.98556652836817 39.377238166177172 61.918839407211514 0.7542769430174675
17 14737.01766570524 143.1978495123949 47.997552123432165 75.858925704232277 0.92800695470919092
18 14679.079648905876 173.59690776080316 58.431337160112555 92.753143030111218 1.138963143105217
19 14609.201694793413 210.15546272181243 71.043663071380408 113.20438166504753 1.3947977483543408
20 14525.120488673745 253.98469602049889 86.263720759731356 137.92649336779976 1.7046011782361827
21 14424.236962236309 306.33306435546604 104.59185181179457 167.75901320279752 2.0791083936439279
22 14303.609468117083 368.57323525876086 126.60525645634986 203.68113510706763 2.530905060751826
23 14159.969446652458 442.1714611883944 152.96111259746144 246.82336261893033 3.074616942772348
24 13989.770475607285 528.63253333123646 184.39536068292361 298.47457216919395 3.7270582093765214
25 13789.283563757157 629.41281128421645 221.71488658748706 360.0814332859814 4.5073050851736127
26 13554.752300861268 745.79438019616691 265.7803524526658 433.23631511429488 5.4366513756191841
27 13282.619758583576 878.71606665862987 317.47663672690533 519.64914437786047 6.538393653044114
28 12969.833283943881 1028.5628957471304 377.66798366137033 621.09844743852591 7.8373892091090278
29 12614.222033585198 1194.9254028013911 447.13583310993437 739.35739702567673 9.3593334778111199
30 12214.924590780607 1376.3539358361484 526.4992183939554 876.09253454322459 11.129720446075281
31 11772.821589960311 1570.1488352915155 616.12078080530887 1032.7363100331027 13.172483909771685
32 11290.905370237613 1772.2408008565219 716.00573842459153 1210.339719878408 15.50837060287701
33 10774.50316690802 1977.2201560772305 825.70592523065318 1409.41758821801 18.153163566101295
34 10231.271999789386 2178.5619102910323 944.2450222397506 1629.8051248498516 21.115942829994765
35 9670.9098917491483 2369.0615276297094 1070.0826311112144 1870.5483292143697 24.397620295572949
36 9104.5794941953482 2541.4476974764925 1201.1323073183958 2129.8505069165781 27.989994093200739
37 8544.1055054963326 2689.0861996176209 1334.8414410358978 2405.0913345366666 31.87551931349903
38 8001.0657484981757 2806.6524226388274 1468.3299691312791 2692.9239714323394 36.027888299395947
39 7485.9253634734578 2890.6461084673861 1598.573042944462 2989.4421081303458 40.413376984365328
40 7007.3519434700402 2939.6554370262502 1722.6035184860104 3290.396319784104 44.992781233610891
41 6571.800956531195 2954.3377101481519 1837.7063921600889 3591.4312648326504 49.723676327929617
42 6183.3943502911461 2937.1487947128862 1941.5800682363035 3888.3140807345753 54.562706025104518
43 5844.0542884763408 2891.9013398957331 2032.4473387272089 4177.1293884586084 59.467644442122712
44 5553.8155716312867 2823.2506561937425 2109.1093754049953 4454.4253426607047 64.399054109283668
45 5311.2294629774988 2736.1980709785553 2170.9458394686417 4717.3051682520709 69.321458323246773
46 5113.7828513175346 2635.6747562527817 2217.8712532290369 4963.4671089797384 74.20403022092249
47 4958.2794884377618 2526.2370769589015 2250.2612450930851 5191.2013293550253 79.020860155240101
48 4841.1546001081906 2411.877098336794 2268.8625348350852 5399.3548731138217 83.750893606123881
49 4758.7142424281128 2295.9336578130892 2274.6985764834535 5587.2758847175546 88.377638557803436
50 4707.3040275351395 2181.0806468121427 2268.9797485899621 5754.7468450557681 92.888732007002559
51 4683.4186801231463 2069.3676877550065 2253.0237877548448 5901.9144064121992 97.27543795481813
52 4683.7659871915712 1962.2913554284189 2228.1893723760131 6029.2211551127284 101.53212989128217
53 4705.2979376644053 1860.8799888546164 2195.823635346344 6137.3426450536272 105.6557930810221
54 4745.2197245823936 1765.7802755409734 2157.2229483904694 6227.1314838801172 109.64556760606159
55 4800.9847968039967 1677.3382464089193 2113.6054830743201 6299.5691312223134 113.5023424904653
56 4870.2818461668367 1595.6707501097396 2066.0936716700817 6355.7253280949117 117.22840395844547
57 4951.0177308002749 1520.7258766833195 2015.704621509482 6396.7246347098444 120.82713629709455
58 5041.2989094328368 1452.3323340106047 1963.3466583470163 6423.7193270097723 124.30277119978683
59 5139.4129462012834 1390.2386574461377 1909.8203967852567 6437.8678193305095 127.66018023682859
60 5243.8109581772333 1334.1435530266758 1855.8229967694128 6440.3177872775204 130.90470474917458
61 5353.0914342290253 1283.7188003081744 1801.9545255972482 6432.1932222313981 134.04201763417097
62 5465.9855816673444 1238.6260926349319 1748.7255830275028 6414.5847307241529 137.07801194608388
63 5581.3442002069714 1198.5290534763942 1696.5655527971871 6388.5424817085122 140.01871181095026
64 5698.1260001683841 1163.1014909130902 1645.8310144377488 6355.071292721982 142.87020175880915
65 5815.3872451018324 1132.0327705927332 1596.8139862339106 6315.1274269193373 145.6385711521994
66 5932.2725891613163 1105.0310181471266 1549.7497771805947 6269.6167446003083 148.32987091066602
67 6048.0069843680976 1081.8247134370426 1504.8243073812789 6219.3939146272214 150.95008018637267
68 6161.8885447981884 1062.1631136766307 1462.1808170677145 6165.2624434224472 153.50508103503083
69 6273.2822691835172 1045.815839886699 1421.925928515916 6107.9753229601574 156.00063945372315
70 6381.6145378673882 1032.5718790383355 1384.1350562476784 6048.2361354168434 158.44239142976699
71 6486.3683131464504 1022.2381898406678 1348.8571821041216 5986.70048203852 160.83583287025132
72 6587.0789831272386 1014.6380504850566 1316.1190255503104 5923.9776283695219 163.18631246788556
73 6683.3307980970994 1009.6092490787452 1285.9286479023706 5860.6322782094876 165.49902671231092
74 6774.753855045612 1007.002189617693 1258.2785336131051 5797.1864053403378 167.77901638326668
75 6861.021590467979 1006.6779661649798 1233.1481935050037 5734.1210858936756 170.03116396837586
76 6941.8487440775334 1008.5064437731081 1210.5063348094484 5671.8782858014683 172.26019153845422
77 7016.9897567097096 1012.3643752782839 1190.312641737984 5610.8625675829471 174.47065869108724
78 7086.2375646855253 1018.133577318564 1172.5192085762035 5551.4426891776393 176.66696024207988
79 7149.4227504049268 1025.6991859018519 1157.0716653123729 5493.9530749738296 178.8533234070313
80 7206.4130051717284 1034.9480108408507 1143.9100338398473 5438.6951458736066 181.03380427397929
81 7257.112855464381 1045.7670087553315 1132.9693509649303 5385.9385013907795 183.21228342458903
82 7301.4635983645803 1058.0418955670273 1124.1800928995306 5335.9219525518174 185.39246061705538
83 7339.4433860050922 1071.6559209784768 1117.4684346517138 5288.8544098651182 187.57784849960882
84 7371.0673931313131 1086.4888288682794 1112.7563767292324 5244.9156358915361 189.77176537964922
85 7396.3879966830027 1102.416028414875 1109.9617707823434 5204.2568769898107 191.9773271299776
86 7415.4948922380754 1119.3080006761086 1108.9982751393222 5167.0013935767565 194.19743836974823
87 7428.5150697902927 1137.0299639461887 1109.775270510565 5133.2449126404299 196.43478311253637
88 7435.6125712202756 1155.4418181964752 1112.1977653151339 5103.0560301423657 198.69181512576293
89 7436.9879544756168 1174.3983840866074 1116.1663189676306 5076.4765941774576 200.97074829270136
90 7432.8773953092968 1193.7499453341877 1121.5770099051833 5053.5221021431516 203.27354730819366
91 7423.5513666879797 1213.343094728378 1128.3214730002755 5034.1821465137273 205.60191906965335
92 7409.3128487179811 1233.0218740054977 1136.2870281889766 5018.4209439439519 207.95730514360551
93 7390.4950379447491 1252.6291865864105 1145.3569185812103 5006.1779811948318 210.34087569281101
94 7367.4585436891812 1272.0084503838084 1155.4106719989561 4997.3688086897455 212.75352523831896
95 7340.5880799494553 1291.0054462361829 1166.3245948615652 4991.8860083491918 215.19587060361624
96 7310.2886833370303 1309.4703068168224 1177.9724017242022 4989.6003567776725 217.66825134428549
97 7276.981509363367 1327.2595819274356 1190.2259777619315 4990.3621980401786 220.17073290709888
98 7241.0992798818997 1344.2383096920719 1202.9562653231499 4994.0030324137424 222.70311268914895
99 7203.0814723523399 1360.282019961543 1216.034259641465 5000.3373189613521 225.26492908331451
100 7163.3693556788958 1375.278596660389 1229.3320932082538 5009.1644809476757 227.85547350480257
101 7122.4009867484947 1389.1299300341193 1242.724183481854 5020.2710944365153 230.47380529903455
102 7080.6062858381792 1401.7532976661989 1256.0884148291702 5033.4332323280287 233.11876933844124
103 7038.402307522947 1413.0824243180703 1269.3073230937832 5048.4189290357535 235.7890160294628
104 6996.1888167426441 1423.068184422307 1282.2692501189906 5064.9907253405372 238.48302337553855
105 6954.3442678055208 1431.6789265445966 1294.869435991792 5082.9082489773518 241.19912068075573
106 6913.2222681687408 1438.9004153180019 1307.0110186847567 5101.9307843936967 243.93551343481994
107 6873.1485899361833 1444.7354022078148 1318.6059140319371 5121.8197849293701 246.69030889471117
108 6834.4187713821539 1449.2028510181747 1329.5755533735671 5142.3412823538984 249.46154187222211
109 6797.2963297041142 1452.336856482 1339.8514614677224 5163.2681520973611 252.24720024881879
110 6762.0115858095933 1454.1853039739178 1349.3756630790322 5184.3821973692911 255.04524976818067
111 6728.7610832703713 1454.8083249887238 1358.1009126827082 5205.4760213584013 257.85365769981206
112 6697.7075674250373 1454.2766064267357 1365.9907476441219 5226.354663482969 260.67041502115376
113 6668.9804775160183 1452.6696120499516 1373.0193707597559 5246.8369828470431 263.49355682724757
114 6642.6768949837005 1450.0737720446268 1379.1713729343637 5266.7567792945565 266.32118074276821
115 6618.8628846394122 1446.580691917686 1384.4413108429796 5285.9636494220586 269.1514631778789
116 6597.5751622251919 1442.2854255246791 1388.8331575729783 5304.3235813431565 271.98267333400793
117 6578.8230215069698 1437.2848494648581 1392.3596464145535 5321.7192976877377 274.81318492589583
118 6562.5904560980825 1431.6761679540816 1395.0415291814015 5338.0503611261311 277.64148564031882
119 6548.8384151746886 1425.5555691100844 1396.9067707611534 5353.2330605555735 280.46618439851517
120 6537.5071376146325 1419.0170457832066 1397.9897011196792 5367.2000989546441 283.28601652785056
121 6528.5185153815682 1412.1513869657822 1398.3301448433324 5379.900105830855 286.09984697847602
122 6521.7784437514692 1405.0453396391531 1397.9725466407197 5391.2969982257882 288.90667174288484
123 6517.1791228693201 1397.7809357961594 1396.9651091858357 5401.3692144977986 291.70561765090412
124 6514.6012818335084 1390.4349753516094 1395.3589574064968 5410.108844687853 294.49594072054987
125 6513.9163028114053 1383.0786526973959 1393.2073409322506 5417.5206803117362 297.27702324722941
126 6514.9882284376672 1375.7773126944437 1390.5648840233932 5423.621205033528 300.0483698109864
127 6517.6756408435076 1368.5903208073985 1387.4868899966777 5428.4375459776174 302.8096023748169
128 6521.8334050675685 1361.5710317466562 1384.0287050126551 5432.0064035356472 305.56045463749086
129 6527.3142733042232 1354.7668412454555 1380.2451441434562 5434.3729755142504 308.30076579263192
130 6533.9703494804116 1348.2193063292139 1376.1899809293534 5435.5898894282263 311.03047383281256
131 6541.6544160652611 1341.9643205015916 1371.9155001730023 5435.7161547364176 313.7496085237434
132 6550.2211268692108 1336.0323315626317 1367.4721125142146 5434.8161448941437 316.45828415981572
133 6559.5280709488279 1330.4485911910735 1362.9080283675455 5432.9586172938552 319.15669219871342
134 6569.4367136703922 1325.2334268853299 1358.2689880742016 5430.2157775102178 321.84509385987445
135 6579.8132215678252 1320.4025283023655 1353.5980445979158 5426.6623927724395 324.52381275947067
136 6590.5291779235131 1315.9672414131007 1348.9353947572774 5422.3749582626597 327.19322764346384
137 6601.4621960630693 1311.9348651730936 1344.3182548088614 5417.4309186847422 329.8537652702488
138 6612.4964372400573 1308.3089465658979 1339.7807761504935 5411.907946558098 332.50589348546907
139 6623.523039740704 1305.0895709010883 1335.3539969770791 5405.8832778573797 335.15011452376467
140 6634.4404655015751 1302.2736451344897 1331.0658258692104 5399.433104929295 337.78695856544499
141 6645.154770139121 1299.8551727255367 1326.9410535058498 5392.6320260591892 340.41697757031818
142 6655.5798018672658 1297.8255191610722 1323.0013889478146 5385.5525506178074 343.04073940605389
143 6665.637334351014 1296.1736677644183 1319.2655172219697 5378.2646583781807 345.65882228443093
144 6675.2571381290627 1294.8864657833988 1315.7491752329615 5370.8354113390797 348.27180951551065
145 6684.3769948513454 1293.9488610224284 1312.4652433282617 5363.3286162108861 350.88028458709408
146 6692.942658229118 1293.3441294637337 1309.423850133812 5355.8045355986969 353.48482657465576
147 6700.9077652936348 1293.0540944232632 1306.6324885542538 5348.3196458436605 356.08600588520363
148 6708.233701309483 1293.0593378197475 1304.0961410880157 5340.9264394456604 358.68438033710873
149 6714.8894214927614 1293.3394041122003 1301.8174128395503 5333.6732699787153 361.28049157678635
150 6720.8512325426782 1293.8729973929953 1299.7966708162453 5326.6042374159733 363.87486183212195
151 6726.1025369059407 1294.6381720209031 1298.0321882748297 5319.7591117966858 366.46799100165373
152 6730.6335426530813 1295.6125170510713 1296.5202930313196 5313.1732931868537 369.06035407768644
153 6734.4409418492469 1296.7733345760387 1295.255518770477 5306.8778059035749 371.65239890067511
154 6737.5275603428836 1298.0978119419854 1294.2307584869936 5300.8993249868072 374.24454424134336
155 6739.90198196642 1299.5631876553546 1293.4374192633288 5295.2602329088486 376.83717820606091
156 6741.5781502354212 1301.1469106536597 1292.8655776409846 5289.9787045099683 379.4306569599799
157 6742.5749507379778 1302.8267924868812 1292.5041348760806 5285.06881813776 382.02530376131494
158 6742.9157775152189 1304.5811518475602 1292.3409713896597 5280.5406909486328 384.62140829894281
159 6742.6280868379563 1306.3889508027833 1292.3630997316297 5276.4006363034378 387.21922632420717
160 6741.742941874988 1308.2299220229031 1292.5568153781194 5272.6513411575497 389.81897956645543
161 6740.294551817542 1310.0846862722913 1292.9078446786125 5269.2920613111382 392.42085592042952
162 6738.319809064652 1311.9348594276651 1293.4014892648079 5266.3188323506774 395.02500989221187
163 6735.857828079962 1313.7631483196428 1294.0227662305836 5263.7246940808136 397.63156328901289
164 6732.9494894970685 1315.55343475207 1294.7565433944367 5261.4999262197189 400.24060613672077
165 6729.6369929744869 1317.2908471393328 1295.5876689644547 5259.6322931138939 402.85219780784587
166 6725.9634221813594 1318.9618193114047 1296.5010949430759 5258.1072952228651 405.46636834131021
167 6721.9723251306668 1320.5541361661451 1297.481993635861 5256.9084251328459 408.08311993449672
168 6717.7073128695256 1322.0569659940711 1298.5158666660363 5256.0174258832758 410.70242858710731
169 6713.211679288821 1323.4608794578362 1299.5886459449328 5255.4145494327222 413.32424587570455
170 6708.5280445310909 1324.7578553719877 1300.68678610745 5255.0788131521322 415.94850083735582
171 6703.6980241613737 1325.9412735932749 1301.797347990665 5254.9882523141341 418.57510194056954
172 6698.7619259267085 1327.0058954929902 1302.9080728115716 5255.1201666470297 421.20393912171841
173 6693.7584755728394 1327.9478326359567 1304.0074467853367 5255.4513591404893 423.83488586539596
174 6688.7245728184107 1328.7645044317346 1305.0847560166442 5255.9583654255975 426.46780130763148
175 6683.6950782147915 1329.4545856488551 1306.1301315917892 5256.6176722029822 429.10253234160018
176 6678.7026312506414 1330.0179447895666 1307.1345848962003 5257.4059233572243 431.73891570638642
177 6673.777499701112 1330.4555744085055 1308.0900332788881 5258.3001125710407 434.37678004047399
178 6668.9474598784027 1330.7695145225839 1308.9893162799797 5259.2777614361303 437.01594788292334
179 6664.2377071185974 1330.9627703005499 1309.8262027280316 5260.3170822462134 439.65623760662817
180 6659.6707955440261 1331.0392252392742 1310.5953890984702 5261.3971248486587 442.29746526959076
181 6655.2666058745517 1331.0035510306145 1311.2924896017344 5262.4979071213211 444.93944637179709
182 6651.0423398278699 1330.8611152990561 1311.9140185382171 5263.6005288279066 447.58199750696667
183 6647.0125394501129 1330.6178883480984 1312.4573655158335 5264.6872687857885 450.22493790018126
184 6643.1891295545738 1330.2803499947436 1312.9207641743551 5265.7416654522149 452.86809082412861
185 6639.5814813183479 1329.8553974989661 1313.3032550980104 5266.7485811962897 455.51128488840328
186 6636.19649499343 1329.3502555113319 1313.6046436241925 5267.6942506730938 458.15435519796995
187 6633.0386996288398 1328.7723888697071 1313.8254532715116 5268.5663138514719 460.79714437848656
188 6630.1103676718676 1328.129418977926 1313.9668755152825 5269.3538343672435 463.43950346769708
189 6627.4116423170017 1327.4290443978978 1314.0307166334098 5270.0473039782009 466.08129267350756
190 6624.94067549791 1326.6789661843254 1314.0193423312951 5270.6386339858282 468.72238200066028
191 6622.6937744679099 1325.8868183900643 1313.9356208317283 5271.121134561221 471.36265174909539
192 6620.6655549847474 1325.0601040720601 1313.7828650857789 5271.489482969293 474.00199288813889
193 6618.8490992029365 1324.2061370342935 1313.5647747244807 5271.739681726729 476.64030731157845
194 6617.2361164785243 1323.3319894565045 1313.2853783297655 5271.869007755744 479.27750797947942
195 6615.8171054038012 1322.4444454765944 1312.9489765577143 5271.8759536086491 481.91351895325721
196 6614.5815155105583 1321.5499607212146 1312.5600865988201 5271.7601618383615 484.54827533106146
197 6613.5179072073888 1320.6546277134964 1312.1233884096448 5271.5223535785362 487.18172309094905
198 6612.6141086469179 1319.7641470293781 1311.6436730989124 5271.1642523751761 489.81381884963099
199 6611.8573683506702 1318.883804024435 1311.1257937996008 5270.6885042805279 492.4445295447801
200 6611.2345025508166 1318.0184509113662 1310.5746193077164 5270.0985951811199 495.07383204899543
